import numpy as np
import matplotlib.pyplot as plt
from mpl_toolkits.mplot3d import Axes3D
def make_ax(grid=False):
    fig = plt.figure()
    ax = Axes3D(fig)
    ax.set_xlim([0,2])
    ax.set_ylim([0,10])
    ax.set_zlim([0,15])
    
    return ax

filled = np.array([
   
     [[1, 0, 0, 0, 0, 0, 0, 0, 0, 0 ,0 ,0, 0, 0],
      [0, 1, 0, 0, 0, 0, 0, 0, 0, 0 ,0 ,0, 0, 1],
      [0, 0, 1, 0, 0, 0, 0, 0, 0, 0 ,0 ,0, 1, 0],
      [0, 0, 0, 1, 0, 0, 0, 0, 0, 0 ,0 ,1, 0, 0],
      [0, 0, 0, 0, 1, 0, 0, 0, 0, 0 ,1 ,0, 0, 0]
     ,[0, 0, 0, 0, 0, 1, 0, 0, 0, 1 ,0 ,0, 0, 0]
     ,[0, 0, 0, 0, 0, 0, 1, 0, 1, 0 ,0 ,0, 0, 0]
     ,[0, 0, 0, 0, 0, 0, 0, 1, 0, 0 ,0 ,0, 0, 0]],
     [[1, 0, 0, 0, 0, 0, 0, 0, 0, 0 ,0 ,0, 0, 0],
      [0, 1, 0, 0, 0, 0, 0, 0, 0, 0 ,0 ,0, 0, 1],
      [0, 0, 1, 0, 0, 0, 0, 0, 0, 0 ,0 ,0, 1, 0],
      [0, 0, 0, 1, 0, 0, 0, 0, 0, 0 ,0 ,1, 0, 0],
      [0, 0, 0, 0, 1, 0, 0, 0, 0, 0 ,1 ,0, 0, 0]
     ,[0, 0, 0, 0, 0, 1, 0, 0, 0, 1 ,0 ,0, 0, 0]
     ,[0, 0, 0, 0, 0, 0, 1, 0, 1, 0 ,0 ,0, 0, 0]
     ,[0, 0, 0, 0, 0, 0, 0, 1, 0, 0 ,0 ,0, 0, 0]]
         
])



ax = make_ax(True)
ax.voxels(filled, edgecolors='gray', shade=False)
plt.show()